0.010  0.010  0.990  0.990  0.010  0.010  0.010  0.010  0.990  0.990  0.990  0.990  0.010  0.990  0.990  0.990
0.990  0.010  0.990  0.990  0.010  0.010  0.010  0.990  0.990  0.990  0.990  0.990  0.990  0.990  0.010  0.010
0.990  0.990  0.990  0.990  0.990  0.010  0.990  0.990  0.990  0.010  0.990  0.990  0.990  0.990  0.010  0.990
0.010  0.990  0.990  0.990  0.990  0.010  0.990  0.990  0.990  0.010  0.990  0.990  0.990  0.010  0.010  0.990
0.990  0.990  0.990  0.990  0.990  0.010  0.990  0.990  0.990  0.010  0.990  0.010  0.990  0.010  0.010  0.990
0.990  0.990  0.990  0.010  0.990  0.010  0.990  0.990  0.990  0.990  0.990  0.010  0.990  0.010  0.010  0.990
0.990  0.990  0.990  0.010  0.990  0.990  0.990  0.010  0.990  0.990  0.990  0.010  0.010  0.010  0.990  0.990
0.990  0.990  0.990  0.010  0.990  0.990  0.010  0.010  0.990  0.990  0.990  0.010  0.990  0.010  0.990  0.010
0.010  0.010  0.990  0.010  0.010  0.990  0.010  0.010  0.990  0.010  0.990  0.010  0.990  0.010  0.010  0.010
0.990  0.010  0.990  0.010  0.010  0.990  0.010  0.010  0.990  0.010  0.990  0.010  0.990  0.010  0.010  0.990
0.010  0.010  0.990  0.010  0.010  0.990  0.010  0.010  0.010  0.010  0.990  0.010  0.990  0.010  0.010  0.990
0.010  0.010  0.990  0.010  0.010  0.990  0.010  0.990  0.010  0.010  0.990  0.010  0.990  0.990  0.010  0.990
0.990  0.990  0.990  0.010  0.010  0.990  0.010  0.990  0.010  0.010  0.990  0.010  0.990  0.990  0.990  0.990
0.990  0.010  0.990  0.010  0.010  0.990  0.990  0.990  0.010  0.010  0.990  0.010  0.990  0.990  0.990  0.990
0.990  0.010  0.990  0.990  0.010  0.990  0.990  0.010  0.990  0.010  0.010  0.010  0.990  0.010  0.990  0.990
0.990  0.010  0.990  0.990  0.010  0.990  0.010  0.010  0.990  0.010  0.010  0.990  0.990  0.010  0.010  0.990
0.990  0.010  0.990  0.990  0.010  0.990  0.010  0.010  0.990  0.010  0.990  0.990  0.990  0.010  0.010  0.010
0.990  0.010  0.990  0.010  0.990  0.990  0.990  0.010  0.010  0.010  0.990  0.990  0.990  0.010  0.010  0.990
0.990  0.010  0.990  0.010  0.990  0.990  0.010  0.010  0.990  0.010  0.990  0.990  0.990  0.010  0.010  0.990
0.990  0.010  0.990  0.010  0.990  0.990  0.010  0.010  0.990  0.010  0.010  0.990  0.010  0.010  0.010  0.990
0.990  0.010  0.990  0.990  0.010  0.010  0.010  0.010  0.990  0.010  0.010  0.010  0.010  0.010  0.010  0.990
0.010  0.010  0.990  0.990  0.010  0.010  0.990  0.010  0.990  0.010  0.010  0.010  0.010  0.010  0.010  0.990
0.010  0.990  0.990  0.010  0.010  0.010  0.990  0.010  0.990  0.990  0.990  0.010  0.010  0.010  0.010  0.990
0.010  0.010  0.990  0.010  0.010  0.010  0.990  0.010  0.990  0.990  0.990  0.010  0.990  0.010  0.010  0.990
0.010  0.990  0.990  0.010  0.010  0.010  0.990  0.990  0.990  0.990  0.990  0.010  0.990  0.010  0.010  0.010
0.010  0.010  0.990  0.010  0.010  0.010  0.990  0.990  0.990  0.990  0.990  0.010  0.990  0.010  0.010  0.010
0.010  0.010  0.990  0.010  0.010  0.010  0.990  0.990  0.990  0.990  0.010  0.010  0.990  0.010  0.990  0.010
0.010  0.990  0.010  0.010  0.010  0.010  0.990  0.010  0.990  0.010  0.010  0.010  0.990  0.990  0.990  0.010
0.990  0.990  0.010  0.010  0.010  0.010  0.990  0.010  0.990  0.010  0.990  0.010  0.010  0.010  0.010  0.010
0.010  0.990  0.010  0.010  0.990  0.990  0.990  0.010  0.010  0.010  0.990  0.010  0.010  0.990  0.010  0.010
0.010  0.990  0.010  0.010  0.990  0.990  0.010  0.010  0.990  0.010  0.990  0.010  0.010  0.990  0.010  0.010
0.010  0.990  0.010  0.010  0.990  0.990  0.010  0.990  0.010  0.010  0.990  0.010  0.010  0.990  0.010  0.990
0.010  0.990  0.010  0.010  0.990  0.010  0.010  0.990  0.010  0.010  0.990  0.010  0.010  0.990  0.010  0.010
0.990  0.010  0.990  0.990  0.990  0.010  0.010  0.990  0.010  0.010  0.990  0.010  0.010  0.010  0.010  0.010
0.990  0.010  0.990  0.990  0.990  0.990  0.990  0.990  0.990  0.010  0.990  0.010  0.010  0.010  0.010  0.010
0.990  0.990  0.010  0.990  0.990  0.990  0.990  0.990  0.990  0.990  0.990  0.990  0.010  0.010  0.010  0.010
0.990  0.990  0.010  0.990  0.990  0.990  0.990  0.990  0.990  0.990  0.010  0.990  0.010  0.010  0.010  0.990
0.990  0.990  0.010  0.990  0.990  0.010  0.990  0.990  0.990  0.990  0.010  0.990  0.010  0.010  0.990  0.990
0.990  0.990  0.010  0.990  0.990  0.010  0.990  0.010  0.990  0.990  0.010  0.990  0.990  0.990  0.990  0.990
0.990  0.010  0.010  0.990  0.010  0.010  0.990  0.010  0.990  0.990  0.010  0.990  0.990  0.990  0.010  0.990
0.990  0.010  0.010  0.990  0.010  0.990  0.990  0.010  0.990  0.990  0.010  0.990  0.990  0.990  0.010  0.990
0.990  0.010  0.010  0.990  0.990  0.990  0.990  0.010  0.010  0.010  0.010  0.990  0.990  0.990  0.010  0.990
0.990  0.010  0.990  0.990  0.010  0.990  0.990  0.010  0.010  0.010  0.010  0.990  0.990  0.990  0.010  0.990
0.990  0.990  0.990  0.010  0.010  0.990  0.990  0.010  0.990  0.010  0.010  0.990  0.990  0.990  0.010  0.990
0.990  0.990  0.990  0.010  0.010  0.990  0.010  0.010  0.990  0.010  0.010  0.010  0.990  0.990  0.990  0.990
0.010  0.990  0.010  0.990  0.010  0.990  0.010  0.010  0.990  0.010  0.010  0.010  0.990  0.990  0.010  0.990
0.010  0.990  0.010  0.990  0.010  0.990  0.010  0.990  0.990  0.990  0.010  0.010  0.010  0.990  0.010  0.990
0.010  0.990  0.010  0.990  0.010  0.990  0.990  0.990  0.010  0.990  0.010  0.010  0.010  0.990  0.010  0.990
0.010  0.990  0.010  0.990  0.010  0.990  0.010  0.010  0.010  0.010  0.010  0.990  0.010  0.990  0.010  0.990
0.010  0.990  0.990  0.990  0.010  0.990  0.010  0.010  0.010  0.010  0.010  0.990  0.010  0.990  0.990  0.990
